td_0_string=120
td_0_data=322.000000 434.000000 1 0 0 1 0.324999 1.249999 -1 255 50 0 343.500000 11.000000 0 2 1 0 1 1 -10.000000 0.000000 -20.000000 1.000000 255 255 50 
td_0_bar_data=100.000000 0 
