td_0_string=PlayerProgressBar
td_0_data=547.000000 128.000000 6 1 1 0 0.600000 2.000000 -16776961 255 50 1 62.000000 4.000000 0 1 1 0 1 1 -10.000000 0.000000 -20.000000 1.000000 255 255 50 
td_0_bar_data=100.000000 0 
