td_0_string=_
td_0_data=321.000000 122.000000 1 0 1 0 0.558332 3.300003 -1 255 135 1 298.500000 235.000000 0 2 1 0 1 1 -10.000000 0.000000 -20.000000 1.000000 255 255 135 
td_0_bar_data=100.000000 0 
td_1_string=!
td_1_data=221.000000 121.000000 0 0 1 0 0.600000 2.999999 -16776961 255 50 0 227.500000 17.000000 1 1 1 0 1 1 -10.000000 0.000000 -20.000000 1.000000 255 255 50 
td_1_bar_data=100.000000 0 
td_2_string=X
td_2_data=433.000000 113.000000 1 0 0 0 0.516664 1.649999 -65281 255 50 0 445.000000 17.000000 1 1 1 0 1 1 -10.000000 0.000000 -20.000000 1.000000 255 255 50 
td_2_bar_data=100.000000 0 
td_3_string=HUD:radar_hostpital
td_3_data=248.000000 125.000000 4 0 0 0 0.600000 2.999999 -1 255 50 1 16.500000 20.500000 1 1 1 0 1 1 -10.000000 0.000000 -20.000000 1.000000 255 255 50 
td_3_bar_data=100.000000 0 
td_4_string=HUD:radar_ammugun
td_4_data=283.000000 125.000000 4 0 0 0 0.600000 2.999999 -1 255 50 1 16.500000 20.500000 1 1 1 0 1 1 -10.000000 0.000000 -20.000000 1.000000 255 255 50 
td_4_bar_data=100.000000 0 
td_5_string=HUD:radar_ryder
td_5_data=404.000000 125.000000 4 0 0 0 0.600000 2.999999 -1 255 50 1 16.500000 20.500000 1 1 1 0 1 1 -10.000000 0.000000 -20.000000 1.000000 255 255 50 
td_5_bar_data=100.000000 0 
td_6_string=ld_beat:up
td_6_data=315.000000 125.000000 4 0 0 0 0.600000 2.999999 -1 255 50 1 16.500000 20.500000 1 1 1 0 1 1 -10.000000 0.000000 -20.000000 1.000000 255 255 50 
td_6_bar_data=100.000000 0 
td_7_string=ld_beat:down
td_7_data=346.000000 125.000000 4 0 0 0 0.600000 2.999999 -1 255 50 1 16.500000 20.500000 1 1 1 0 1 1 -10.000000 0.000000 -20.000000 1.000000 255 255 50 
td_7_bar_data=100.000000 0 
